35000
1500000
2200000
16000000
2175000
1600000
3000000
98618
640000
10000
650000
1150000
17000000
41100000
400000
1000000
110000
115000000
27500000
5000000
2000000
4500000
700000000
10000000
1600000
100000
3000000
400000
2140500
650000
2700000
750000
5500000
850000
218000
250000
1000
750000
275000
100000
418000
500000
200000
3500000
650000
39000000
1550000
25000
2400000
400000
3217000
2200000
475000
16000000
11200000
3000000
2500000
3600000
3100000
700000
5500000
47000000
1000000
4300000
750000
1215780
1725220
250000
2250000
4800000
200000
1170000
155000
75000
150000
16600000
2000000
2400000
25000000
150000
100000
600000
875000
1250000
1000000
257500
1900000
93000000
3250000
3000000
2000000
1600000
1700000
55000
25000000
4950000
2300000
428500
150000
2500000
50000
750000
60000000
4325000
700000
15000000
21000000
28000000
4000000
1500000
50000
5500000
3500000
150000
80784
595000
10000
40900000
264000
850000
22000000
7500000
3000000
125000
975000
111400
100000
148000000
4700000
18500000
10000000
39400000
3400000
50000000
117000000
725000
18500000
1000000